11111111111111111111111111111111111111111111111111111111111111111111111111111111
11111111111111111111111111111111111111111111111111111111111111111111111111111111
11111000000000000000000000000000000000011111111110000000000000000000011111111111
11111000000000001111111110000000000000111111111100000000000000000000111111111111
11111000000000011111111110000000000000000000000000000000000000000000111111111111
11111111111111111111111111111111111111111111111111111111111100000000000111111111
11111111111111111111111111111111111111111111111111111111111110000000000111111111
11111111111111112222221111111111111111111111111111111111111111100000000001111111
11111111111111222222222221111111111111111111111111111111111111100000000001111111
11111111111111112222222222222111111111111111111111111111111110000000000111111111
11111111111111111222222222222222111111111111111111100000000000000000000111111111
11111111111111111222222222222222211111111111111000000000000000000000000000011111
11111111111111112222222222222222221111111111111100000000000000000000000000011111
11111111111111111122222222222221111111111111100000000000000000000000001111111111
11111111111111111111122222221111111111111110000000000111111111111111111111111111
00000000000001111111111222222111111111111110000000000111111111111111111111111111
00000000000001111111111111111111111111111111110000000000000000000000000000000000
00000000000001111111111111111111111111111111111111110000000000000000000000000000
00000000000001111111111111111111111111111111111111111111111111111112200000000000
00000000000001111111111111111111111111111111111111111111111111111112200000000000
00000000000001111111111111111111111000000000000000000000000000000000000000001111
00000000000000001111111111111111000000000000000000000000000000000000000011111111
00000000000000000001111111110000000002220000000000000000000011111111111111111111
00000000000000000000000000000000000000220000000000001111111111111111111111111111
00000000000000000000000000000000000000000000000000011111111111111111111111111111
00000000000000000000000000000000000000000011111111111111111111111111111111111111
00000000000000000000000000000000000011111111111111111111111111111111111111111111
11111111111111111111111111111111111111111111111111111111111111111111111111111111
11111111111111111111111111111111111111111111111111111111111111111111111111111111
11111111111111111111111111111111111111111111111111111111111111111111111111111111
11111111111111111111111111111111111111111111111111111111111111111111111111111111
11111111111111111111111111111111111111111111111111111111111111111111111111111111
